signals.size() = 133
_floating_positions.size() * strlen(_aa_arrangement) = 114
Excess signals will be considered as background control.

Scoring Matrix for ./final/SAP_SH2D1A_24.txt
MOTIF==> ..Y....
Pos/AA	K	R	H	D	E	N	Q	S	T	A	G	P	I	L	V	M	F	Y	W
-2	0.1099	0.2719	0.1862	0.3972	0.3426	0.3626	0.4051	0.6840	0.6341	0.3139	0.2712	0.3473	0.2445	0.2456	0.2520	0.2927	0.1452	0.2647	0.0367
-1	0.2080	0.2688	0.4214	0.2393	0.3431	0.3435	0.2507	0.3782	0.3306	0.2738	0.3917	0.4714	0.3095	0.2281	0.3781	0.1083	0.1662	0.2570	0.0328
1	0.0432	0.0621	0.3288	0.3010	0.2257	0.2683	0.2502	0.4602	0.2910	0.3356	0.0646	0.0176	0.0571	0.0517	0.1349	0.1769	0.1625	0.3377	0.0228
2	0.0753	0.2644	0.0220	0.0598	0.1117	0.3878	0.2033	0.2221	0.3576	0.3261	0.0162	0.0115	0.0650	0.2592	0.1841	0.3677	0.1817	0.2206	0.0186
3	0.0464	0.0786	0.0660	0.0155	0.0308	0.0260	0.0377	0.0274	0.0443	0.0363	0.0156	0.0142	0.6033	0.3860	1.1044	0.2510	0.0224	0.0341	0.0143
4	0.0237	0.2838	0.2630	0.1176	0.0152	0.0076	0.2440	0.3369	0.2112	0.2284	0.5048	0.0096	0.0073	0.0111	0.1104	0.3637	0.0088	0.0203	0.0000

0.634058
1.01218
1.47243
1.5841
2.68851
2.93253
0.634058
1.01218
1.34778
1.56989
2.6743
2.88549
Peptide_Seq	Score
NTVYSEVQFA	 ( 2.93253 )
NTVYASVTHS	 ( 2.88549 )
